001      2.00      4.00
002      6.00      4.00
003     10.00      4.00
004     14.00      4.00
005     18.00      4.00
006     22.50      5.00
007     27.50      5.00
008     32.50      5.00
009     37.50      5.00
010     42.50      5.00
011     47.50      5.00
012     52.50      5.00
013     57.50      5.00
014     62.50      5.00
015     67.50      5.00
016     72.50      5.00
017     77.50      5.00
018     82.50      5.00
019     87.50      5.00
020     92.50      5.00
021     97.50      5.00
022    102.50      5.00
023    107.50      5.00
024    112.50      5.00
025    117.50      5.00
026    122.50      5.00
027    127.50      5.00
028    132.50      5.00
029    137.50      5.00
030    142.50      5.00
031    147.50      5.00
032    152.50      5.00
033    157.50      5.00
034    162.50      5.00
035    167.50      5.00
036    172.50      5.00
037    177.50      5.00
038    182.50      5.00
039    187.50      5.00
040    192.50      5.00
041    197.50      5.00
042    203.00      6.00
043    209.50      7.00
044    217.00      8.00
045    225.50      9.00
046    235.00     10.00
047    245.00     10.00
048    255.00     10.00
049    265.00     10.00
050    275.00     10.00
051    285.00     10.00
052    295.00     10.00
053    310.00     20.00
054    330.00     20.00
055    350.00     20.00
056    370.00     20.00
057    390.00     20.00
058    410.00     20.00
059    430.00     20.00
060    450.00     20.00
061    470.00     20.00
062    490.00     20.00
063    525.00     50.00
064    575.00     50.00
065    650.00    100.00
066    800.00    200.00
067   1000.00    200.00
068   1250.00    300.00
069   1550.00    300.00
070   1900.00    400.00
071   2300.00    400.00
072   2750.00    500.00
073   3250.00    500.00
074   3750.00    500.00
075   4250.00    500.00
076   4750.00    500.00
077   5250.00    500.00
078   5750.00    500.00